oursystem5
12208.0
9669.0
12471.0
10712.0
10327.0
10326.0
8840.0
11048.0
12590.0
11087.0
oursystem5
11708.0
12376.0
10244.0
11498.0
9072.0
10072.0
11562.0
10329.0
10584.0
8443.0
oursystem5
10390.0
12245.0
11059.0
9912.0
10917.0
11321.0
12403.0
15414.0
11297.0
12199.0
oursystem5
14949.0
22598.0
38941.0
16938.0
13900.0
13594.0
17774.0
17238.0
12957.0
11039.0
oursystem5
17928.0
14463.0
17538.0
12775.0
16340.0
15075.0
21342.0
18023.0
15050.0
15925.0
oursystem5
20521.0
24331.0
13860.0
16027.0
15181.0
13170.0
17792.0
14580.0
18363.0
14055.0
oursystem5
16947.0
16314.0
13680.0
13132.0
19166.0
16128.0
18764.0
16441.0
17235.0
14912.0
oursystem5
19258.0
13986.0
13632.0
20884.0
16728.0
15234.0
15678.0
16833.0
17042.0
18766.0
oursystem5
21154.0
28048.0
26475.0
19560.0
20416.0
22781.0
14949.0
13609.0
15504.0
15479.0
