oursystem1
8808.0
5325.0
10981.0
4856.0
5331.0
10218.0
4405.0
7206.0
9033.0
7670.0
oursystem1
27509.0
8346.0
10800.0
9746.0
9291.0
9488.0
9474.0
10220.0
8205.0
9531.0
oursystem1
12986.0
10572.0
12045.0
9565.0
12753.0
10427.0
11437.0
11044.0
9235.0
16940.0
oursystem1
28970.0
9175.0
9033.0
7986.0
8773.0
7860.0
12235.0
10912.0
12061.0
15931.0
oursystem5
25693.0
13213.0
16205.0
15222.0
10992.0
15787.0
17047.0
13780.0
12705.0
16390.0
oursystem5
19120.0
26073.0
12772.0
13133.0
11584.0
14641.0
15579.0
15404.0
11360.0
12928.0
oursystem5
16917.0
16995.0
16273.0
14761.0
22826.0
14643.0
13994.0
13782.0
12639.0
15376.0
oursystem5
33680.0
25326.0
19182.0
21296.0
20955.0
25546.0
23667.0
18027.0
16956.0
19606.0
oursystem5
33518.0
38563.0
22594.0
20855.0
20909.0
30493.0
19065.0
15884.0
14000.0
14264.0
