oursystem5
14889.0
13859.0
11896.0
12408.0
12556.0
11429.0
13554.0
11114.0
12332.0
14520.0
oursystem5
13580.0
13368.0
12666.0
13017.0
12631.0
13477.0
12592.0
12902.0
17692.0
12033.0
oursystem5
14947.0
13862.0
13110.0
13207.0
14956.0
13574.0
13968.0
13248.0
13540.0
14702.0
oursystem5
16422.0
17225.0
13533.0
14676.0
13009.0
16190.0
14710.0
14289.0
19458.0
15649.0
oursystem5
17415.0
15788.0
16504.0
14850.0
14631.0
15532.0
14446.0
14593.0
15201.0
14802.0
oursystem5
17917.0
23176.0
16811.0
16837.0
16134.0
15702.0
13155.0
24888.0
29663.0
38580.0
oursystem5
22600.0
20048.0
20360.0
24511.0
18960.0
19247.0
18881.0
16961.0
16611.0
21471.0
oursystem5
20863.0
20084.0
17296.0
20405.0
16840.0
20591.0
24342.0
25822.0
23288.0
22873.0
oursystem5
30612.0
21055.0
22216.0
20221.0
21965.0
20554.0
16487.0
16894.0
23353.0
22536.0
