oursystem5
11630.0
6194.0
17434.0
10113.0
6151.0
10514.0
19951.0
8599.0
7319.0
6711.0
oursystem5
17747.0
10714.0
9605.0
11169.0
12100.0
10179.0
11388.0
8552.0
9999.0
9056.0
oursystem5
16861.0
17178.0
13817.0
10325.0
9250.0
10532.0
11487.0
11869.0
13491.0
11279.0
oursystem5
16356.0
15456.0
15938.0
17500.0
20711.0
12908.0
8400.0
13015.0
13002.0
10867.0
oursystem5
30790.0
16876.0
27941.0
17141.0
18693.0
16612.0
16729.0
15857.0
18999.0
17443.0
oursystem5
44130.0
15212.0
15609.0
14503.0
16242.0
15184.0
14780.0
17987.0
15203.0
17665.0
oursystem5
20967.0
19374.0
23540.0
24924.0
16795.0
21112.0
20894.0
21536.0
21442.0
18287.0
oursystem5
27550.0
25453.0
19037.0
15607.0
19246.0
32422.0
17169.0
14367.0
20181.0
16427.0
oursystem5
19979.0
41339.0
23412.0
20932.0
17932.0
19836.0
21118.0
31014.0
24479.0
21939.0
