oursystem5
22182.0
14302.0
11895.0
13561.0
11530.0
10718.0
11880.0
8692.0
8571.0
11483.0
oursystem5
17296.0
28794.0
15349.0
13389.0
14439.0
15774.0
13062.0
19230.0
12928.0
14500.0
oursystem5
18936.0
13954.0
18721.0
14419.0
16979.0
15886.0
11038.0
14431.0
18272.0
14811.0
oursystem5
22400.0
19876.0
19609.0
15141.0
17045.0
25873.0
15647.0
19911.0
17997.0
16839.0
oursystem5
19440.0
16565.0
18625.0
13869.0
17860.0
19680.0
18656.0
19536.0
23370.0
18861.0
oursystem5
22329.0
24984.0
18392.0
16153.0
13219.0
15694.0
15613.0
17865.0
15582.0
15968.0
oursystem5
54639.0
15912.0
16598.0
22122.0
17197.0
16741.0
19130.0
19009.0
21322.0
17261.0
oursystem5
31381.0
43028.0
30078.0
21672.0
27170.0
27171.0
23886.0
32139.0
22964.0
19043.0
oursystem5
27557.0
33877.0
19022.0
19190.0
27766.0
20586.0
20444.0
21629.0
20763.0
20720.0
