oursystem1
16252.0
11644.0
10017.0
9673.0
9953.0
11126.0
12050.0
9922.0
9919.0
11150.0
oursystem1
12296.0
7940.0
8827.0
11905.0
10108.0
13523.0
9286.0
11341.0
12199.0
12055.0
oursystem1
17766.0
9493.0
12733.0
14069.0
10614.0
12056.0
11329.0
11401.0
11119.0
10892.0
oursystem1
15003.0
16304.0
13903.0
16608.0
13444.0
11502.0
13964.0
13381.0
13467.0
12066.0
oursystem1
16949.0
16650.0
16272.0
17662.0
23208.0
17552.0
15538.0
17039.0
17234.0
16840.0
oursystem1
19344.0
23690.0
13337.0
13041.0
14443.0
14949.0
13575.0
13737.0
14835.0
12750.0
oursystem1
25025.0
13801.0
16048.0
15187.0
15634.0
15631.0
15311.0
17389.0
21819.0
20331.0
oursystem1
28797.0
15951.0
17074.0
15178.0
15794.0
20369.0
15025.0
14902.0
17604.0
16301.0
oursystem1
30132.0
18875.0
20453.0
20155.0
19754.0
20469.0
17165.0
23840.0
25253.0
19020.0
oursystem1
138780.0
23359.0
18581.0
