1============
22075.0
13169.0
9883.0
11183.0
13518.0
15178.0
14950.0
12127.0
10483.0
11990.0
11040.0
10504.0
10143.0
10900.0
10727.0
2============
10856.0
14124.0
10804.0
11431.0
12013.0
11219.0
11358.0
10968.0
11592.0
10440.0
11055.0
11846.0
10661.0
11366.0
11997.0
3============
12869.0
12983.0
13924.0
13734.0
13025.0
13372.0
12392.0
14136.0
13193.0
13724.0
13747.0
13171.0
12929.0
17424.0
12652.0
4============
16799.0
15864.0
18498.0
21084.0
16544.0
16683.0
21497.0
16571.0
19559.0
17969.0
20821.0
20099.0
18197.0
16766.0
21757.0
5============
21522.0
22310.0
16856.0
19027.0
21803.0
20884.0
20784.0
21653.0
22047.0
24045.0
23009.0
22952.0
23908.0
18231.0
22387.0
6============
24358.0
24088.0
24007.0
22372.0
23913.0
26932.0
19963.0
27025.0
29493.0
24537.0
26898.0
28771.0
23570.0
32324.0
35922.0
7============
37598.0
41031.0
42866.0
43130.0
32764.0
39599.0
39857.0
36783.0
35786.0
36449.0
33449.0
33206.0
34527.0
29282.0
36769.0
8============
45838.0
50818.0
51760.0
49087.0
49042.0
55998.0
58685.0
62954.0
52899.0
55044.0
54217.0
49648.0
51728.0
50980.0
57596.0
9============
56297.0
55756.0
50172.0
58124.0
50000.0
66087.0
58166.0
51895.0
70521.0
64147.0
69196.0
72125.0
65258.0
71485.0
63320.0
10============
67024.0
74836.0
72597.0
72183.0
73784.0
77044.0
64522.0
58649.0
58953.0
65758.0
73760.0
63407.0
75889.0
72916.0
76216.0
11============
75144.0
73977.0
74015.0
69544.0
67413.0
70818.0
60443.0
73084.0
69426.0
69260.0
59226.0
66178.0
74953.0
66197.0
66123.0
12============
66413.0
78555.0
80531.0
74014.0
71374.0
74705.0
67739.0
58697.0
74187.0
72885.0
68986.0
81041.0
67929.0
75134.0
70618.0
13============
79007.0
81620.0
72210.0
83386.0
79452.0
90043.0
87851.0
80179.0
83865.0
77581.0
50182.0
85272.0
82095.0
87863.0
80302.0
14============
77579.0
78271.0
76573.0
81795.0
50285.0
48595.0
64466.0
71216.0
88831.0
80635.0
87279.0
78361.0
80045.0
48125.0
90220.0
