1============
20723.0
11682.0
10325.0
9931.0
10674.0
13363.0
2============
12347.0
14059.0
11875.0
11683.0
12549.0
13886.0
3============
16073.0
14079.0
15789.0
12327.0
17216.0
16174.0
4============
17208.0
16838.0
21718.0
22339.0
23918.0
20773.0
5============
25581.0
24677.0
20292.0
22969.0
23244.0
24563.0
6============
27143.0
27172.0
34739.0
29972.0
26612.0
27634.0
7============
30566.0
32024.0
33338.0
26707.0
33482.0
34664.0
8============
42511.0
41538.0
42712.0
54174.0
53539.0
43263.0
9============
62162.0
48895.0
60612.0
55293.0
67843.0
62839.0
10============
57646.0
56748.0
57074.0
65821.0
43342.0
54668.0
