1============
12527.0
7406.0
7061.0
7374.0
7789.0
7636.0
2============
7777.0
7945.0
8836.0
8023.0
8102.0
7738.0
3============
8396.0
8682.0
8098.0
8969.0
7869.0
8461.0
4============
9487.0
9854.0
10319.0
10471.0
8596.0
10401.0
5============
10761.0
10054.0
9564.0
9941.0
9758.0
12333.0
6============
11244.0
9562.0
9729.0
8989.0
6============
23458.0
8211.0
7756.0
7622.0
8873.0
7224.0
7============
7696.0
8504.0
8335.0
11201.0
7968.0
6872.0
8============
6============
18244.0
14950.0
15217.0
14088.0
13806.0
13339.0
7============
14583.0
13508.0
15651.0
17802.0
18286.0
21922.0
8============
21769.0
22400.0
25166.0
28015.0
21095.0
22692.0
9============
30710.0
38937.0
36475.0
27092.0
28837.0
37237.0
10============
39025.0
46019.0
40777.0
41458.0
52546.0
53745.0
