1============
23368.0
8299.0
7900.0
7704.0
9076.0
9524.0
6919.0
7435.0
7655.0
6895.0
7263.0
7215.0
6977.0
6970.0
7521.0
2============
8109.0
1============
18906.0
11539.0
11056.0
10982.0
11388.0
10802.0
11737.0
10972.0
10861.0
10406.0
10248.0
10534.0
11262.0
11209.0
10762.0
2============
10721.0
13492.0
13944.0
12200.0
14895.0
13121.0
19454.0
20935.0
17938.0
21599.0
16367.0
20587.0
16681.0
20487.0
17020.0
3============
23105.0
20753.0
22982.0
21814.0
19724.0
29005.0
29225.0
28694.0
18424.0
19187.0
16081.0
18836.0
16440.0
17043.0
15339.0
4============
21834.0
17930.0
19430.0
18526.0
20628.0
24847.0
18990.0
19912.0
19516.0
23502.0
20057.0
24452.0
22281.0
21231.0
21600.0
5============
27512.0
29517.0
31011.0
31364.0
28183.0
31159.0
27315.0
33330.0
29655.0
31670.0
29937.0
39539.0
27524.0
26352.0
30942.0
6============
32916.0
38665.0
36681.0
38486.0
38512.0
41114.0
59770.0
50180.0
51497.0
55546.0
50993.0
63785.0
60993.0
56571.0
52709.0
7============
60957.0
73146.0
67399.0
58276.0
59404.0
65722.0
57529.0
56791.0
63672.0
64390.0
57401.0
61821.0
67688.0
65303.0
58762.0
8============
61746.0
67656.0
70645.0
58647.0
63859.0
63449.0
62332.0
62176.0
52446.0
57898.0
66152.0
82394.0
78631.0
65796.0
67258.0
9============
49603.0
83279.0
72440.0
64033.0
63820.0
85622.0
72143.0
68810.0
64446.0
75143.0
66915.0
