1============
22395.0
8950.0
9223.0
9106.0
7795.0
8513.0
8207.0
8014.0
7996.0
7212.0
7728.0
8370.0
8438.0
8355.0
9148.0
2============
9420.0
9588.0
10827.0
10005.0
10125.0
9748.0
12009.0
9321.0
9205.0
8685.0
8937.0
7601.0
7836.0
8863.0
8462.0
3============
8932.0
8755.0
9285.0
8047.0
9135.0
9505.0
9031.0
9371.0
7698.0
8347.0
9294.0
11164.0
10132.0
9416.0
8622.0
4============
9284.0
9226.0
9223.0
10573.0
9164.0
9073.0
8996.0
8805.0
10629.0
8679.0
9086.0
10161.0
11106.0
13129.0
9315.0
5============
12420.0
9756.0
10950.0
11283.0
11299.0
10474.0
10388.0
9758.0
9137.0
10257.0
9767.0
10853.0
10993.0
9243.0
8906.0
6============
10161.0
11247.0
13362.0
11750.0
10339.0
9175.0
9804.0
9995.0
8834.0
10704.0
10917.0
10018.0
10564.0
9954.0
9265.0
7============
12067.0
12356.0
11815.0
10468.0
10015.0
10784.0
10944.0
10333.0
12486.0
10911.0
10005.0
10861.0
11212.0
11932.0
23616.0
8============
16695.0
13456.0
13009.0
8============
30638.0
14816.0
13544.0
12942.0
8============
37964.0
18156.0
25286.0
23336.0
22274.0
24823.0
26372.0
25729.0
31715.0
30696.0
36574.0
33794.0
28343.0
34473.0
41594.0
9============
43287.0
30753.0
38289.0
46547.0
44857.0
46487.0
54325.0
54213.0
60932.0
49923.0
49946.0
57780.0
52857.0
54978.0
60802.0
10============
54059.0
53835.0
61827.0
64131.0
74855.0
69702.0
72575.0
64443.0
67773.0
62141.0
68650.0
63884.0
79987.0
68905.0
68965.0
11============
67579.0
69558.0
83082.0
83080.0
61926.0
4============
26620.0
12216.0
13339.0
13239.0
11678.0
14274.0
13572.0
14584.0
12401.0
11912.0
13739.0
13934.0
15244.0
13490.0
14070.0
5============
14873.0
19269.0
18549.0
18442.0
22235.0
16917.0
21118.0
21597.0
18308.0
21855.0
17473.0
19308.0
21185.0
22801.0
27594.0
6============
21881.0
23196.0
22345.0
19826.0
18802.0
24032.0
24700.0
28617.0
24549.0
23924.0
26934.0
21741.0
27084.0
23967.0
24022.0
7============
33507.0
29855.0
35093.0
36503.0
36328.0
33182.0
31599.0
81156.0
68045.0
53828.0
44963.0
36882.0
43695.0
53927.0
59164.0
