1============
15301.0
6814.0
5623.0
5004.0
4030.0
5121.0
2============
5596.0
4869.0
5350.0
5028.0
4001.0
5172.0
3============
5156.0
5902.0
5380.0
4661.0
5160.0
5308.0
4============
5866.0
5443.0
5230.0
1============
19381.0
9869.0
10337.0
9309.0
11425.0
9366.0
2============
10767.0
9792.0
9952.0
10513.0
16057.0
13109.0
3============
12542.0
12217.0
13648.0
11612.0
14081.0
10133.0
4============
12350.0
13701.0
13103.0
14613.0
13606.0
14600.0
5============
18818.0
14397.0
17972.0
19764.0
14830.0
16466.0
6============
17369.0
18746.0
17899.0
16964.0
19502.0
22701.0
7============
22428.0
27362.0
21807.0
23675.0
23216.0
29981.0
8============
30792.0
36074.0
41306.0
35690.0
45785.0
39689.0
9============
49200.0
49605.0
56000.0
47743.0
52354.0
48113.0
10============
72461.0
59463.0
59478.0
70587.0
65604.0
64113.0
