1============
16643.0
7373.0
7248.0
6160.0
5558.0
5845.0
2============
5967.0
6205.0
6384.0
7483.0
6387.0
7009.0
3============
7040.0
8928.0
7741.0
7615.0
7195.0
7741.0
4============
9102.0
9373.0
10236.0
11237.0
7928.0
10414.0
5============
11684.0
12640.0
10203.0
10433.0
13792.0
9114.0
6============
13670.0
14678.0
14606.0
14865.0
14706.0
15028.0
7============
14032.0
18162.0
19489.0
22326.0
20576.0
21058.0
8============
23805.0
23852.0
25551.0
24485.0
27450.0
29209.0
9============
36755.0
32066.0
38264.0
34445.0
26091.0
29932.0
10============
37181.0
29748.0
31510.0
37561.0
36192.0
39430.0

//512//
1============
17890.0
10714.0
10035.0
9861.0
10435.0
9769.0
2============
11207.0
10330.0
9961.0
12497.0
10756.0
10137.0
3============
11761.0
11524.0
10164.0
10973.0
11643.0
14951.0
4============
13057.0
16971.0
11989.0
13264.0
11706.0
14111.0
5============
15308.0
16294.0
13875.0
16995.0
14688.0
14656.0
6============
19388.0
16670.0
19491.0
16118.0
19970.0
17309.0
7============
25803.0
22059.0
22284.0
29482.0
28111.0
28888.0
8============
27988.0
28875.0
26268.0
30625.0
32294.0
31836.0
9============
30538.0
37408.0
38397.0
44192.0
42510.0
38942.0
10============
43828.0
47661.0
46528.0
37999.0
38819.0
44479.0
