oursystem 
17175.4
9351.0
10338.8
11728.8
15943.6
17465.2
17927.6
17108.2
16494.6
14482.0
15319.4
15293.8
15725.0
15161.4
17582.6
21192.2
16500.2
12487.6
14202.2
12723.0
Traditional CA
Traditional CA
638.0
270.2
242.8
111.4
63.6
99.6
99.8
208.6
59.2
97.8
61.4
52.0
73.0
48.0
87.8
56.4
84.2
53.0
44.4
57.6
Traditional CA after BC
0, caafterbc,17461
1, caafterbc,5302
2, caafterbc,4255
3, caafterbc,4609
4, caafterbc,5071
7339.6
5, caafterbc,4354
6, caafterbc,5561
7, caafterbc,5697
8, caafterbc,5752
9, caafterbc,5268
5326.4
10, caafterbc,4819
11, caafterbc,5046
12, caafterbc,4940
13, caafterbc,4785
14, caafterbc,3820
4682.0
15, caafterbc,3890
16, caafterbc,3811
17, caafterbc,3722
18, caafterbc,3614
19, caafterbc,3310
3669.4
20, caafterbc,3867
21, caafterbc,3836
22, caafterbc,3712
23, caafterbc,3701
24, caafterbc,4091
3841.4
25, caafterbc,3712
26, caafterbc,3598
27, caafterbc,3887
28, caafterbc,3698
29, caafterbc,3180
3615.0
30, caafterbc,3854
31, caafterbc,4099
32, caafterbc,3952
33, caafterbc,3300
34, caafterbc,3488
3738.6
35, caafterbc,3311
36, caafterbc,7071
37, caafterbc,6907
38, caafterbc,3505
39, caafterbc,4757
5110.2
40, caafterbc,3216
41, caafterbc,3280
42, caafterbc,3047
43, caafterbc,3149
44, caafterbc,3428
3224.0
45, caafterbc,3248
46, caafterbc,3429
47, caafterbc,3134
48, caafterbc,3568
Traditional CA after BC
9620.6
4900.6
4490.8
3857.4
4142.8
3928.8
4165.2
4054.6
4140.2
3942.4
3997.6
3979.6
3689.2
4833.0
4103.2
4590.8
4476.4
4989.6
4805.6
3913.6
Traditional CA before BC
3349.6
3294.6
3557.6
3357.2
3692.8
4190.2
3550.6
3341.2
3331.2
3372.8
3632.8
3483.0
Traditional CA
162.4
154.6
72.4
61.4
87.4
51.6
155.2
37.6
55.6
102.0
75.2
99.0
168.0
102.6
89.0
57.6
47.6
52.0
34.4
68.2
95.2
54.0
71.6
66.4
45.8
65.6
Traditional CA
864.2
143.0
231.2
97.6
83.6
66.6
54.2
52.4
77.0
30.6
149.8
Traditional CA
77.0
89.6
49.0
Traditional CA
216.0
82.8
93.4
52.4
67.8
54.0
94.6
54.6
79.0
76.8
102.0
146.8
214.4
49.2
63.8
150.2
201.8
60.2
62.4
53.6
53.8
52.2
221.4
113.4
71.0
48.8
71.2
77.2
85.4
29.6
78.8
70.0
32.6
88.0
39.2
80.2
42.2
100.0
98.6
135.2
66.0
46.2
49.2
108.4
194.0
52.6
84.4
143.4
115.0
81.4
88.2
58.2
41.2
100.8
59.8
206.2
184.0
70.0
69.0
179.8
72.2
96.8
66.8
79.6
115.8
94.6
132.6
94.0
60.0
42.6
Traditional CA after BC
6778.4
4726.2
3918.2
3594.8
3855.6
3534.0
3942.4
3515.2
3531.8
3483.0
3480.4
10283.6
3957.4
3826.8
4745.4
3906.2
4179.8
3802.8
3832.6
3563.6
3616.6
3546.6
4231.0
3800.0
3647.0
3733.6
3900.0
3822.8
4063.0
3726.8
3761.8
3897.4
3884.4
5339.0
4660.0
4882.0
4559.0
4400.4
4082.2
3774.6
3981.4
4202.0
4306.4
4207.4
3831.4
4149.8
4072.6
4759.2
5078.6
4679.4
4387.4
4281.0
4233.8
4264.2
4390.2
4624.0
4470.4
3826.6
4601.8
4277.8
4309.2
3951.8
6015.8
4124.6
4334.0
5636.4
5805.4
5704.8
5166.8
6025.4
Traditional CA before BC
4933.2
4093.0
3786.4
3387.6
oursystem 
21522.4
13441.4
17100.2
12644.6
14400.2
13537.0
12720.4
13971.4
15000.4
15223.8
13462.4
14262.0
13361.0
13569.6
13890.6
13809.2
14520.2
16940.6
15582.8
14405.2
15476.6
14706.2
14748.6
14252.2
14295.8
15565.6
17473.8
15753.2
14145.4
15255.6
15151.0
15252.0
14788.8
15935.6
19253.0
15459.2
14277.2
15167.6
14665.4
16245.2
16071.2
16883.6
18120.0
17357.2
16328.4
16075.8
17087.6
16566.0
17781.4
21463.8
19661.8
18114.0
19624.4
20934.8
19620.4
19234.0
22222.4
21417.6
18564.4
17375.0
16796.6
17006.0
17101.6
22699.0
20305.8
18227.8
18593.4
19857.0
19423.0
20397.2
Traditional CA before BC
4393.4
6467.6
3654.4
3726.8
3878.0
4256.6
3339.0
3447.8
3989.6
3484.8
3902.8
3304.0
3209.8
3090.2
3187.6
3673.6
3415.0
3986.0
3644.4
3503.4
3659.2
3217.6
3311.6
3147.4
3224.4
3180.6
3141.4
2959.2
3617.8
3217.4
3281.2
3127.6
3271.4
2912.6
3417.0
3192.8
3648.8
3480.6
3304.4
3419.4
3060.0
3141.8
3450.0
3268.6
3348.0
3370.2
3417.4
3218.8
3509.0
3031.8
3177.6
3493.0
3690.4
3405.0
3411.4
3214.6
3619.4
3167.4
3332.4
3240.4
3076.4
3161.6
3559.4
3209.2
3087.2
3388.4
3368.6
3014.4
3053.6
3338.8
oursystem 
44847.8
oursystem 
40102.2
37416.8
42429.4
35653.6
36658.4
32386.2
36854.0
29315.4
31895.8
42835.2
38731.0
36369.2
30590.8
30860.8
31651.2
47694.2
34774.2
Traditional CA
1440.2
776.0
193.8
448.4
145.6
102.4
174.6
84.4
199.0
207.4
996.4
348.6
544.0
342.0
104.0
629.2
322.8
470.8
140.2
428.0
Traditional CA after BC
13988.0
7399.4
9628.2
7501.6
5202.2
5288.2
4715.8
4566.8
4419.0
6093.4
3701.4
4513.4
5182.0
5486.4
5689.6
4805.8
5026.6
4135.4
3853.4
3658.6
Traditional CA before BC
3656.8
5607.0
3044.4
3499.8
3767.8
3904.8
3456.6
4070.0
4504.4
4451.4
4203.8
4182.8
3884.0
3476.6
3161.6
3584.2
3571.0
3160.0
3074.4
3380.4
